                                65A012       65A013  65A014  65A015  65A016  65A017  65A018  
                                    12%         13%     14%     15%     16%     17%     18%     
Material Density    [kg/dm3]    11,3000    11,3000  11,3000            11,3000         11,3000         11,3000 11,3000         
Length                  [cm]        20,0000        18,9460         18,0420
17,2420            16,5300         15,8900         15,3080      
Centre  [cm]          8,4300         7,9800          7,5900
7,2500       6,9400          6,6700          6,4200     
Centre / Length [%]     42,2%   42,1%   42,1%   42,0%   42,0%   42,0%
41,9%   
Projected Weight        [gr]      552,2000       550,0000
550,0000         550,0000        550,0000        550,0000
550,0000        
Volume  [cm3]       48,8699        48,6754         48,6706
48,6753            48,6707         48,6756         48,6731      
Wetted Surface  [cm2]     101,7637         98,8191         96,3990
94,2105            92,1936         90,3514         88,6374      
Max diameter    [cm]          2,4000         2,4630          2,5259
2,5863       2,6448          2,7013          2,7554     
Frontal Area    [cm2]         4,5239         4,7644          5,0109
5,2535       5,4938          5,7311          5,9631   
